              precision    recall  f1-score   support

          A+       0.99      0.97      0.98       204
          A-       0.97      0.97      0.97       359
         AB+       0.96      0.98      0.97       254
         AB-       0.97      0.97      0.97       275
          B+       1.00      0.97      0.98       233
          B-       0.99      0.99      0.99       272
          O+       0.95      0.97      0.96       303
          O-       0.96      0.95      0.95       255

    accuracy                           0.97      2155
   macro avg       0.97      0.97      0.97      2155
weighted avg       0.97      0.97      0.97      2155
